<<<<<<< HEAD
163;
=======
191;
>>>>>>> 20a42e7bf5c120b18a5eb8518f2d26217d864d3a
1, 1;
3;
3;
3;
<<<<<<< HEAD
=======
3;
3;
3;
2;
3;
3;
3;
0;
0;
0;
0;
0;
0;
0;
0;
0;
0;
0;
0;
0;
0;
0;
0;
0;
1;
1;
1;
0;
0;
1;
1;
1;
1;
1;
1;
1;
0;
0;
3;
3;
3;
3;
3;
3;
3;
3;
3;
3;
0;
0;
0;
0;
0;
0;
0;
0;
0;
0;
0;
3;
3;
3;
3;
3;
3;
0;
3;
3;
2;
>>>>>>> 20a42e7bf5c120b18a5eb8518f2d26217d864d3a
2;
3;
3;
0;
0;
3;
3;
3;
3;
0;
<<<<<<< HEAD
0;
0;
0;
0;
0;
0;
0;
0;
0;
0;
0;
0;
0;
0;
0;
0;
1;
1;
1;
0;
0;
1;
1;
1;
1;
1;
1;
1;
0;
0;
3;
3;
3;
3;
3;
3;
3;
3;
3;
3;
3;
3;
3;
0;
0;
0;
0;
0;
0;
0;
0;
0;
0;
3;
3;
3;
3;
3;
3;
3;
0;
3;
2;
3;
3;
3;
=======
>>>>>>> 20a42e7bf5c120b18a5eb8518f2d26217d864d3a
3;
3;
2;
3;
2;
2;
2;
2;
2;
2;
2;
3;
2;
3;
3;
0;
3;
3;
3;
3;
3;
3;
3;
3;
3;
0;
0;
0;
0;
0;
0;
0;
0;
0;
0;
0;
0;
0;
0;
1;
1;
1;
0;
0;
0;
3;
3;
3;
0;
0;
1;
1;
1;
1;
0;
<<<<<<< HEAD
1;
1;
1;
=======
0;
>>>>>>> 20a42e7bf5c120b18a5eb8518f2d26217d864d3a
0;
0;
3;
3;
3;
0;
0;
1;
1;
1;
0;
1;
1;
1;
1;
2;
1;
1;
1;
1;
0;
1;
1;
2;
2;
2;
<<<<<<< HEAD
=======
3;
2;
2;
2;
2;
>>>>>>> 20a42e7bf5c120b18a5eb8518f2d26217d864d3a
2;
1;
2;
2;
1;
1;
1;
<<<<<<< HEAD
2;
2;
=======
1;
0;
>>>>>>> 20a42e7bf5c120b18a5eb8518f2d26217d864d3a
